1 0.05 0.003 1e-2 --chis 64,128,256 --Nph 30
1 0.1 0.003 1e-2 --chis 64,128,256 --Nph 30
1 0.15 0.003 1e-2 --chis 64,128,256 --Nph 30
1 0.2 0.003 1e-2 --chis 64,128,256 --Nph 30
1 0.25 0.003 1e-2 --chis 64,128,256 --Nph 30
1 0.3 0.003 1e-2 --chis 64,128,256 --Nph 30
1 0.35 0.003 1e-2 --chis 64,128,256 --Nph 30
1 0.4 0.003 1e-2 --chis 64,128,256 --Nph 30
1 0.45 0.003 1e-2 --chis 64,128,256 --Nph 30
1 0.5 0.003 1e-2 --chis 64,128,256 --Nph 30
1 0.55 0.003 1e-2 --chis 64,128,256 --Nph 30
1 0.6 0.003 1e-2 --chis 64,128,256 --Nph 30
1 0.65 0.003 1e-2 --chis 64,128,256 --Nph 30
1 0.7 0.003 1e-2 --chis 64,128,256 --Nph 30
1 0.75 0.003 1e-2 --chis 64,128,256 --Nph 30
1 0.8 0.003 1e-2 --chis 64,128,256 --Nph 30
1 0.175 0.003 1e-2 --chis 64,128,256 --Nph 30
1 0.225 0.003 1e-2 --chis 64,128,256 --Nph 30
1 0.275 0.003 1e-2 --chis 64,128,256 --Nph 30
1.5 0.1 0.003 1e-2 --chis 64,128 --Nph 30
1.5 0.2 0.003 1e-2 --chis 64,128 --Nph 30
1.5 0.3 0.003 1e-2 --chis 64,128 --Nph 30
1.5 0.4 0.003 1e-2 --chis 64,128 --Nph 30
1.5 0.5 0.003 1e-2 --chis 64,128 --Nph 30
1.5 0.6 0.003 1e-2 --chis 64,128 --Nph 30
1.5 0.7 0.003 1e-2 --chis 64,128 --Nph 30
1.5 0.8 0.003 1e-2 --chis 64,128 --Nph 30
2 0.1 0.003 1e-2 --chis 64,128 --Nph 30
2 0.2 0.003 1e-2 --chis 64,128 --Nph 30
2 0.3 0.003 1e-2 --chis 64,128 --Nph 30
2 0.4 0.003 1e-2 --chis 64,128 --Nph 30
2 0.5 0.003 1e-2 --chis 64,128 --Nph 30
2 0.6 0.003 1e-2 --chis 64,128 --Nph 30
2 0.7 0.003 1e-2 --chis 64,128 --Nph 30
2 0.8 0.003 1e-2 --chis 64,128 --Nph 30
3 0.1 0.003 1e-2 --chis 64,128 --Nph 30
3 0.2 0.003 1e-2 --chis 64,128 --Nph 30
3 0.3 0.003 1e-2 --chis 64,128 --Nph 30
3 0.4 0.003 1e-2 --chis 64,128 --Nph 30
3 0.5 0.003 1e-2 --chis 64,128 --Nph 30
3 0.6 0.003 1e-2 --chis 64,128 --Nph 30
3 0.7 0.003 1e-2 --chis 64,128 --Nph 30
3 0.8 0.003 1e-2 --chis 64,128 --Nph 30
4 0.1 0.003 1e-2 --chis 64,128 --Nph 30
4 0.2 0.003 1e-2 --chis 64,128 --Nph 30
4 0.3 0.003 1e-2 --chis 64,128 --Nph 30
4 0.4 0.003 1e-2 --chis 64,128 --Nph 30
4 0.5 0.003 1e-2 --chis 64,128 --Nph 30
4 0.6 0.003 1e-2 --chis 64,128 --Nph 30
4 0.7 0.003 1e-2 --chis 64,128 --Nph 30
4 0.8 0.003 1e-2 --chis 64,128 --Nph 30
6 0.1 0.003 1e-2 --chis 64,128 --Nph 30
6 0.2 0.003 1e-2 --chis 64,128 --Nph 30
6 0.3 0.003 1e-2 --chis 64,128 --Nph 30
6 0.4 0.003 1e-2 --chis 64,128 --Nph 30
6 0.5 0.003 1e-2 --chis 64,128 --Nph 30
6 0.6 0.003 1e-2 --chis 64,128 --Nph 30
6 0.7 0.003 1e-2 --chis 64,128 --Nph 30
6 0.8 0.003 1e-2 --chis 64,128 --Nph 30
