6 0.02 0.003 1e-2 --tJ 1.0 --chis 64,128,256 --Nph 50
6 0.04 0.003 1e-2 --tJ 1.0 --chis 64,128,256 --Nph 50
6 0.06 0.003 1e-2 --tJ 1.0 --chis 64,128,256 --Nph 50
6 0.08 0.003 1e-2 --tJ 1.0 --chis 64,128,256 --alpha 0.108 --Nph 50
6 0.1 0.003 1e-2 --tJ 1.0 --chis 64,128,256 --alpha 0.630 --Nph 50
6 0.12 0.003 1e-2 --tJ 1.0 --chis 64,128,256 --alpha 2.586 --Nph 50
6 0.14 0.003 1e-2 --tJ 1.0 --chis 64,128,256 --alpha 3.013 --Nph 50
6 0.16 0.003 1e-2 --tJ 1.0 --chis 64,128,256 --alpha 3.085 --Nph 50
6 0.18 0.003 1e-2 --tJ 1.0 --chis 64,128,256 --alpha 3.027 --Nph 50
6 0.2 0.003 1e-2 --tJ 1.0 --chis 64,128,256 --alpha 2.915 --Nph 50
6 0.22 0.003 1e-2 --tJ 1.0 --chis 64,128,256 --alpha 2.785 --Nph 50
6 0.24 0.003 1e-2 --tJ 1.0 --chis 64,128,256 --alpha 2.650 --Nph 50
6 0.26 0.003 1e-2 --tJ 1.0 --chis 64,128,256 --alpha 2.519 --Nph 50
6 0.28 0.003 1e-2 --tJ 1.0 --chis 64,128,256 --alpha 2.394 --Nph 50
6 0.3 0.003 1e-2 --tJ 1.0 --chis 64,128,256 --alpha 2.277 --Nph 50
6 0.32 0.003 1e-2 --tJ 1.0 --chis 64,128,256 --alpha 2.168 --Nph 50
6 0.34 0.003 1e-2 --tJ 1.0 --chis 64,128,256 --alpha 2.067 --Nph 50
6 0.36 0.003 1e-2 --tJ 1.0 --chis 64,128,256 --alpha 1.973 --Nph 50
6 0.38 0.003 1e-2 --tJ 1.0 --chis 64,128,256 --alpha 1.887 --Nph 50
6 0.4 0.003 1e-2 --tJ 1.0 --chis 64,128,256 --alpha 1.807 --Nph 50
7 0.05 0.003 1e-2 --tJ 1.0 --chis 64,128 --Nph 50
7 0.1 0.003 1e-2 --tJ 1.0 --chis 64,128 --alpha 0.195 --Nph 50
7 0.15 0.003 1e-2 --tJ 1.0 --chis 64,128 --alpha 2.739 --Nph 50
7 0.2 0.003 1e-2 --tJ 1.0 --chis 64,128 --alpha 2.768 --Nph 50
7 0.25 0.003 1e-2 --tJ 1.0 --chis 64,128 --alpha 2.501 --Nph 50
7 0.3 0.003 1e-2 --tJ 1.0 --chis 64,128 --alpha 2.225 --Nph 50
7 0.35 0.003 1e-2 --tJ 1.0 --chis 64,128 --alpha 1.985 --Nph 50
7 0.4 0.003 1e-2 --tJ 1.0 --chis 64,128 --alpha 1.782 --Nph 50
8 0.05 0.003 1e-2 --tJ 1.0 --chis 64,128 --Nph 50
8 0.1 0.003 1e-2 --tJ 1.0 --chis 64,128 --alpha 0.104 --Nph 50
8 0.15 0.003 1e-2 --tJ 1.0 --chis 64,128 --alpha 2.327 --Nph 50
8 0.2 0.003 1e-2 --tJ 1.0 --chis 64,128 --alpha 2.601 --Nph 50
8 0.25 0.003 1e-2 --tJ 1.0 --chis 64,128 --alpha 2.409 --Nph 50
8 0.3 0.003 1e-2 --tJ 1.0 --chis 64,128 --alpha 2.168 --Nph 50
8 0.35 0.003 1e-2 --tJ 1.0 --chis 64,128 --alpha 1.946 --Nph 50
8 0.4 0.003 1e-2 --tJ 1.0 --chis 64,128 --alpha 1.755 --Nph 50
10 0.05 0.003 1e-2 --tJ 1.0 --chis 64,128 --Nph 50
10 0.1 0.003 1e-2 --tJ 1.0 --chis 64,128 --Nph 50
10 0.15 0.003 1e-2 --tJ 1.0 --chis 64,128 --alpha 0.657 --Nph 50
10 0.2 0.003 1e-2 --tJ 1.0 --chis 64,128 --alpha 2.195 --Nph 50
10 0.25 0.003 1e-2 --tJ 1.0 --chis 64,128 --alpha 2.194 --Nph 50
10 0.3 0.003 1e-2 --tJ 1.0 --chis 64,128 --alpha 2.034 --Nph 50
10 0.35 0.003 1e-2 --tJ 1.0 --chis 64,128 --alpha 1.856 --Nph 50
10 0.4 0.003 1e-2 --tJ 1.0 --chis 64,128 --alpha 1.691 --Nph 50
12 0.05 0.003 1e-2 --tJ 1.0 --chis 64,128 --Nph 50
12 0.1 0.003 1e-2 --tJ 1.0 --chis 64,128 --Nph 50
12 0.15 0.003 1e-2 --tJ 1.0 --chis 64,128 --alpha 0.118 --Nph 50
12 0.2 0.003 1e-2 --tJ 1.0 --chis 64,128 --alpha 1.567 --Nph 50
12 0.25 0.003 1e-2 --tJ 1.0 --chis 64,128 --alpha 1.929 --Nph 50
12 0.3 0.003 1e-2 --tJ 1.0 --chis 64,128 --alpha 1.874 --Nph 50
12 0.35 0.003 1e-2 --tJ 1.0 --chis 64,128 --alpha 1.749 --Nph 50
12 0.4 0.003 1e-2 --tJ 1.0 --chis 64,128 --alpha 1.615 --Nph 50
