2 0.05 0.01 1e-3 --chis 64,128,256 --excited
2 0.1 0.01 1e-3 --chis 64,128,256 --excited
2 0.15 0.01 1e-3 --chis 64,128,256 --excited
2 0.2 0.01 1e-3 --chis 64,128,256 --excited
2 0.25 0.01 1e-3 --chis 64,128,256 --excited
2 0.3 0.01 1e-3 --chis 64,128,256 --excited
2 0.35 0.01 1e-3 --chis 64,128,256 --excited
2 0.4 0.01 1e-3 --chis 64,128,256 --excited
2 0.45 0.01 1e-3 --chis 64,128,256 --excited
2 0.5 0.01 1e-3 --chis 64,128,256 --excited
2 0.55 0.01 1e-3 --chis 64,128,256 --excited
2 0.6 0.01 1e-3 --chis 64,128,256 --excited
2 0.65 0.01 1e-3 --chis 64,128,256 --excited
2 0.7 0.01 1e-3 --chis 64,128,256 --excited
2 0.75 0.01 1e-3 --chis 64,128,256 --excited
2 0.8 0.01 1e-3 --chis 64,128,256 --excited
2 0.85 0.01 1e-3 --chis 64,128,256 --excited
2 0.9 0.01 1e-3 --chis 64,128,256 --excited
2 0.95 0.01 1e-3 --chis 64,128,256 --excited
2 1 0.01 1e-3 --chis 64,128,256 --excited
2 1.05 0.01 1e-3 --chis 64,128,256 --excited
2 1.1 0.01 1e-3 --chis 64,128,256 --excited
2 1.15 0.01 1e-3 --chis 64,128,256 --excited
2 1.2 0.01 1e-3 --chis 64,128,256 --excited
1 0.1 0.01 1e-3 --chis 64,128
1 0.2 0.01 1e-3 --chis 64,128
1 0.3 0.01 1e-3 --chis 64,128
1 0.4 0.01 1e-3 --chis 64,128
1 0.5 0.01 1e-3 --chis 64,128
1 0.6 0.01 1e-3 --chis 64,128
1 0.7 0.01 1e-3 --chis 64,128
1 0.8 0.01 1e-3 --chis 64,128
1 0.9 0.01 1e-3 --chis 64,128
1 1 0.01 1e-3 --chis 64,128
1 1.1 0.01 1e-3 --chis 64,128
1 1.2 0.01 1e-3 --chis 64,128
1.5 0.1 0.01 1e-3 --chis 64,128
1.5 0.2 0.01 1e-3 --chis 64,128
1.5 0.3 0.01 1e-3 --chis 64,128
1.5 0.4 0.01 1e-3 --chis 64,128
1.5 0.5 0.01 1e-3 --chis 64,128
1.5 0.6 0.01 1e-3 --chis 64,128
1.5 0.7 0.01 1e-3 --chis 64,128
1.5 0.8 0.01 1e-3 --chis 64,128
1.5 0.9 0.01 1e-3 --chis 64,128
1.5 1 0.01 1e-3 --chis 64,128
1.5 1.1 0.01 1e-3 --chis 64,128
1.5 1.2 0.01 1e-3 --chis 64,128
3 0.1 0.01 1e-3 --chis 64,128
3 0.2 0.01 1e-3 --chis 64,128
3 0.3 0.01 1e-3 --chis 64,128
3 0.4 0.01 1e-3 --chis 64,128
3 0.5 0.01 1e-3 --chis 64,128
3 0.6 0.01 1e-3 --chis 64,128
3 0.7 0.01 1e-3 --chis 64,128
3 0.8 0.01 1e-3 --chis 64,128
3 0.9 0.01 1e-3 --chis 64,128
3 1 0.01 1e-3 --chis 64,128
3 1.1 0.01 1e-3 --chis 64,128
3 1.2 0.01 1e-3 --chis 64,128
4 0.1 0.01 1e-3 --chis 64,128
4 0.2 0.01 1e-3 --chis 64,128
4 0.3 0.01 1e-3 --chis 64,128
4 0.4 0.01 1e-3 --chis 64,128
4 0.5 0.01 1e-3 --chis 64,128
4 0.6 0.01 1e-3 --chis 64,128
4 0.7 0.01 1e-3 --chis 64,128
4 0.8 0.01 1e-3 --chis 64,128
4 0.9 0.01 1e-3 --chis 64,128
4 1 0.01 1e-3 --chis 64,128
4 1.1 0.01 1e-3 --chis 64,128
4 1.2 0.01 1e-3 --chis 64,128
6 0.1 0.01 1e-3 --chis 64,128
6 0.2 0.01 1e-3 --chis 64,128
6 0.3 0.01 1e-3 --chis 64,128
6 0.4 0.01 1e-3 --chis 64,128
6 0.5 0.01 1e-3 --chis 64,128
6 0.6 0.01 1e-3 --chis 64,128
6 0.7 0.01 1e-3 --chis 64,128
6 0.8 0.01 1e-3 --chis 64,128
6 0.9 0.01 1e-3 --chis 64,128
6 1 0.01 1e-3 --chis 64,128
6 1.1 0.01 1e-3 --chis 64,128
6 1.2 0.01 1e-3 --chis 64,128
8 0.1 0.01 1e-3 --chis 64,128
8 0.2 0.01 1e-3 --chis 64,128
8 0.3 0.01 1e-3 --chis 64,128
8 0.4 0.01 1e-3 --chis 64,128
8 0.5 0.01 1e-3 --chis 64,128
8 0.6 0.01 1e-3 --chis 64,128
8 0.7 0.01 1e-3 --chis 64,128
8 0.8 0.01 1e-3 --chis 64,128
8 0.9 0.01 1e-3 --chis 64,128
8 1 0.01 1e-3 --chis 64,128
8 1.1 0.01 1e-3 --chis 64,128
8 1.2 0.01 1e-3 --chis 64,128
